105
1 2 3 4 5 6 7
2 1 4 6 7
3 1 5 6 8
4 1 2 6 9 10 11 12 13 14 15 16 17 18 19 20 21 22 23 24 25 26 27 28
5 1 3 6 7 29 30 31 32
6 1 2 3 4 5 7 8
7 1 2 5 6 8 11 13 19 23 26 30
8 3 6 7 15 31 59 72 86
9 4 10 11 12 13 14 15 21 22 23 24 25 27 28 33 34 36 38 41 42 43 44 45 46 47
10 4 9 12 13 15 21 25 28 42 46 48 49 50 51 52 53
11 4 7 9 12 13 16 17 20 22 34 36 38 39 40 56
12 4 9 10 11 13 14 15 18 21 22 23 27 28 30 46 48 51 57
13 4 7 9 10 11 12 14 15 16 18 19 24 25 33 34 37 39 40 41 42 45 47 48 55 56
14 4 9 12 13 18 30 33 41 43 44 45 48 58
15 4 9 10 12 13 8 26 27 59
16 4 11 13 17 56
17 4 11 16
18 4 12 13 14 48
19 4 7 13
20 4 11 56 57 78
21 4 9 10 12 25 41 49 50 54 58
22 4 9 11 12 24
23 4 7 9 12 26 41 53
24 4 9 13 22 28 33 34 48 55
25 4 9 10 13 21 27 41 48 54
26 4 7 15 23 41
27 4 9 12 15 25 41 46 48 54
28 4 9 10 12 24 41 42 48 55
29 5 67 73
30 5 7 12 14
31 5 8 32 59 67 68 71 74 75 76 77 78 80 81 83 84 85 87 94 100
32 5 31 50 74 75 76 77 78 79 83 92
33 9 13 14 24 34
34 33 9 11 13 24 38 39 40 48
35 36 37 38 39 40
36 35 9 11 37 38 39 40 41 44 45
37 35 36 13 42 48
38 35 9 11 36 34 39 48
39 35 11 36 13 38 34 40
40 35 11 36 13 39 34 41 43
41 9 36 13 14 21 23 40 25 26 27 28 42 43 45 46 48 54 55
42 9 10 41 13 37 28 48 55
43 9 41 14 40 44 48
44 9 36 14 43 57
45 9 41 36 13 14
46 9 10 41 12 27 48
47 9 13 48 103
48 10 41 42 12 13 14 43 37 38 18 34 46 47 24 25 27 28 55
49 10 21 50 58
50 10 21 32 49 58 59 73 77
51 10 12 59
52 10 53 59 65 66 70
53 10 23 52 59 65
54 41 21 25 27 77
55 41 42 13 48 24 28
56 11 13 16 20
57 12 20 44 58
58 14 57 21 49 50
59 15 8 31 50 51 52 53 65 66 69 70 78 86
60 61 62 63 64 100
61 60 63 64 85 87 100
62 60 87 96 102
63 60 61 64 85 100 101
64 60 61 63 100
65 59 52 53 66 67 68 69 70 71
66 65 59 52 68 69 70 86
67 65 29 31 68 71 73 74 75 77 81 85 86 87 89 90 91 94 97 98 100 101
68 65 66 67 31 104 105
69 65 59 66 72
70 65 59 66 52 105
71 65 67 31 72 73 76 91
72 8 69 71 73 74 75 76 77 78 79 80 81 82 83 84
73 72 29 67 50 71 74 75 76 77 79 80 81 83 85 86 87 88 89 90 91 92 93
74 72 73 67 31 32 75 76 83 84 85 87 90 93 94 95 96 97 98 99 100 101
75 72 73 74 67 31 32 76 79 80 83 85 88 89 92 99 100
76 72 73 74 75 31 32 71 77 78 79 80 83 84 85 92 93
77 72 73 76 67 31 32 50 54 78 83 84 85 87
78 72 76 59 31 20 32 77
79 72 73 75 76 32
80 72 73 75 76 31 85 92 101
81 72 73 67 31
82 72 85 87 98
83 72 73 74 75 76 31 32 77 85
84 72 74 76 31 77 85 88 101
85 73 75 76 67 74 61 31 63 77 80 82 83 84 87 88 89 90 95 97 98 100 101 102
86 73 8 59 66 67
87 73 74 67 85 61 31 62 77 82 90 94 98 101 102
88 73 75 85 84 99
89 73 75 67 85 90
90 73 74 67 85 87 89
91 73 67 71 92 100
92 73 75 76 32 91 80 99 101
93 73 74 76
94 74 67 87 31 95 100 103
95 74 85 94 96 97 102 103
96 74 95 62 103
97 74 67 85 95 98 101
98 74 67 85 87 97 82
99 74 75 88 92 101
100 74 75 67 85 94 61 60 31 63 64 91 101
101 74 67 85 87 97 99 100 63 80 92 84 102
102 85 87 95 101 62
103 94 95 96 47
104 68 105
105 68 70 104
